%   logdose bloodp recovtime
1     2.26     66         7
2     1.81     52        10
3     1.78     72        18
4     1.54     67        NA
5     2.06     69        10
6     1.74     71        13
7     2.56     88        21
8     2.29     68        12
9     1.80     59         9
10    2.32     73        NA
11    2.04     68        20
12    1.88     58        31
13    1.18     61        23
14    2.08     68        22
15    1.70     69        13
16    1.74     55         9
17    2.70     73        39
18    1.90     56        28
19    2.78     83        12
20    2.27     67        60
21    1.74     84        10
22    2.62     68        NA
23    1.80     64        22
24    1.81     60        21
25    1.58     62        14